Driver: GTiff/GeoTIFF
Files: meteoswiss.radar.precip.3857.tiff
Size is 748, 652
Coordinate System is:
PROJCS["WGS 84 / Pseudo-Mercator",
    GEOGCS["WGS 84",
        DATUM["WGS_1984",
            SPHEROID["WGS 84",6378137,298.257223563,
                AUTHORITY["EPSG","7030"]],
            AUTHORITY["EPSG","6326"]],
        PRIMEM["Greenwich",0],
        UNIT["degree",0.0174532925199433],
        AUTHORITY["EPSG","4326"]],
    PROJECTION["Mercator_1SP"],
    PARAMETER["central_meridian",0],
    PARAMETER["scale_factor",1],
    PARAMETER["false_easting",0],
    PARAMETER["false_northing",0],
    UNIT["metre",1,
        AUTHORITY["EPSG","9001"]],
    EXTENSION["PROJ4","+proj=merc +a=6378137 +b=6378137 +lat_ts=0.0 +lon_0=0.0 +x_0=0.0 +y_0=0 +k=1.0 +units=m +nadgrids=@null +wktext  +no_defs"],
    AUTHORITY["EPSG","3857"]]
Origin = (299384.852103699580766,6354697.361343096010387)
Pixel Size = (1454.329394710660381,-1454.329394710660381)
Metadata:
  AREA_OR_POINT=Area
  DATETIME=2018-02-13 11:00
Image Structure Metadata:
  INTERLEAVE=BAND
Corner Coordinates:
Upper Left  (  299384.852, 6354697.361) (  2d41'21.91"E, 49d28' 5.85"N)
Lower Left  (  299384.852, 5406474.596) (  2d41'21.91"E, 43d37' 3.83"N)
Upper Right ( 1387223.239, 6354697.361) ( 12d27'41.90"E, 49d28' 5.85"N)
Lower Right ( 1387223.239, 5406474.596) ( 12d27'41.90"E, 43d37' 3.83"N)
Center      (  843304.046, 5880585.979) (  7d34'31.90"E, 46d37'19.07"N)
Band 1 Block=748x10 Type=Byte, ColorInterp=Palette
  NoData Value=0
  Color Table (RGB with 256 entries)
    0: 255,255,255,255
    1: 235,235,235,255
    2: 145,161,161,255
    3: 143,159,163,255
    4: 141,157,165,255
    5: 140,156,167,255
    6: 138,154,168,255
    7: 136,152,170,255
    8: 134,150,172,255
    9: 133,149,174,255
   10: 131,147,175,255
   11: 129,145,177,255
   12: 127,143,179,255
   13: 126,142,181,255
   14: 124,140,182,255
   15: 122,138,184,255
   16: 120,136,186,255
   17: 119,135,187,255
   18: 119,134,188,255
   19: 117,132,190,255
   20: 115,130,192,255
   21: 113,127,195,255
   22: 111,125,197,255
   23: 109,122,199,255
   24: 107,120,202,255
   25: 105,117,204,255
   26: 104,115,207,255
   27: 102,113,209,255
   28: 100,110,211,255
   29: 98,108,214,255
   30: 96,105,216,255
   31: 94,103,218,255
   32: 92,100,221,255
   33: 90,98,223,255
   34: 89,96,225,255
   35: 89,96,226,255
   36: 85,95,227,255
   37: 82,95,229,255
   38: 79,95,231,255
   39: 76,94,233,255
   40: 73,94,235,255
   41: 70,94,236,255
   42: 67,93,238,255
   43: 64,93,240,255
   44: 61,93,242,255
   45: 58,92,244,255
   46: 55,92,245,255
   47: 52,92,247,255
   48: 49,91,249,255
   49: 46,91,251,255
   50: 43,91,253,255
   51: 40,91,254,255
   52: 40,94,255,255
   53: 40,95,253,255
   54: 40,100,252,255
   55: 40,104,250,255
   56: 40,109,249,255
   57: 40,114,247,255
   58: 40,118,246,255
   59: 40,123,244,255
   60: 40,128,243,255
   61: 40,132,242,255
   62: 40,137,240,255
   63: 40,141,239,255
   64: 40,146,237,255
   65: 40,151,236,255
   66: 40,155,234,255
   67: 40,160,233,255
   68: 40,163,232,255
   69: 40,165,231,255
   70: 40,166,230,255
   71: 41,168,228,255
   72: 42,169,226,255
   73: 43,171,225,255
   74: 44,173,223,255
   75: 44,174,221,255
   76: 45,176,219,255
   77: 46,178,218,255
   78: 47,179,216,255
   79: 48,181,214,255
   80: 48,182,212,255
   81: 49,184,211,255
   82: 50,186,209,255
   83: 51,187,207,255
   84: 52,189,205,255
   85: 53,190,204,255
   86: 53,191,203,255
   87: 54,192,202,255
   88: 55,193,201,255
   89: 57,195,200,255
   90: 58,196,198,255
   91: 60,198,197,255
   92: 61,199,196,255
   93: 63,201,194,255
   94: 64,202,193,255
   95: 65,203,192,255
   96: 67,205,190,255
   97: 68,206,189,255
   98: 70,208,188,255
   99: 71,209,186,255
  100: 73,211,185,255
  101: 74,212,184,255
  102: 76,213,183,255
  103: 76,214,182,255
  104: 77,215,181,255
  105: 78,216,179,255
  106: 80,217,178,255
  107: 81,219,176,255
  108: 83,220,175,255
  109: 84,221,173,255
  110: 86,222,172,255
  111: 87,224,170,255
  112: 88,225,168,255
  113: 90,226,167,255
  114: 91,227,165,255
  115: 93,229,164,255
  116: 94,230,162,255
  117: 96,231,161,255
  118: 97,232,159,255
  119: 99,233,158,255
  120: 99,234,157,255
  121: 102,234,156,255
  122: 105,235,154,255
  123: 109,235,153,255
  124: 112,236,151,255
  125: 115,237,149,255
  126: 119,237,148,255
  127: 122,238,146,255
  128: 126,239,145,255
  129: 129,239,143,255
  130: 132,240,141,255
  131: 136,240,140,255
  132: 139,241,138,255
  133: 142,242,136,255
  134: 146,242,135,255
  135: 149,243,133,255
  136: 151,244,132,255
  137: 153,244,131,255
  138: 155,244,129,255
  139: 157,245,127,255
  140: 159,246,125,255
  141: 161,246,123,255
  142: 163,247,121,255
  143: 166,248,119,255
  144: 168,248,117,255
  145: 170,249,115,255
  146: 172,250,113,255
  147: 174,250,111,255
  148: 177,251,109,255
  149: 179,252,107,255
  150: 181,252,105,255
  151: 183,253,103,255
  152: 185,254,101,255
  153: 186,255,99,255
  154: 188,255,98,255
  155: 190,255,97,255
  156: 192,255,95,255
  157: 195,255,94,255
  158: 197,255,92,255
  159: 199,255,90,255
  160: 202,255,89,255
  161: 204,255,87,255
  162: 207,255,86,255
  163: 209,255,84,255
  164: 211,255,82,255
  165: 214,255,81,255
  166: 216,255,79,255
  167: 218,255,77,255
  168: 221,255,76,255
  169: 223,255,74,255
  170: 224,255,73,255
  171: 226,255,71,255
  172: 226,253,69,255
  173: 227,251,65,255
  174: 227,249,62,255
  175: 228,247,58,255
  176: 229,245,55,255
  177: 229,243,51,255
  178: 230,241,48,255
  179: 231,240,44,255
  180: 231,238,40,255
  181: 232,236,37,255
  182: 232,234,33,255
  183: 233,232,30,255
  184: 234,230,26,255
  185: 234,228,23,255
  186: 235,226,19,255
  187: 236,225,17,255
  188: 236,224,16,255
  189: 237,223,15,255
  190: 238,221,14,255
  191: 239,219,13,255
  192: 240,217,12,255
  193: 241,215,11,255
  194: 243,214,10,255
  195: 244,212,9,255
  196: 245,210,9,255
  197: 246,208,8,255
  198: 247,206,7,255
  199: 249,205,6,255
  200: 250,203,5,255
  201: 251,201,4,255
  202: 252,199,3,255
  203: 253,197,2,255
  204: 254,196,2,255
  205: 255,196,3,255
  206: 255,192,5,255
  207: 255,189,8,255
  208: 255,186,11,255
  209: 255,183,14,255
  210: 255,180,17,255
  211: 255,176,20,255
  212: 255,173,23,255
  213: 255,170,26,255
  214: 255,167,29,255
  215: 255,164,32,255
  216: 255,160,35,255
  217: 255,157,38,255
  218: 255,154,41,255
  219: 255,151,44,255
  220: 255,148,47,255
  221: 255,147,48,255
  222: 255,145,50,255
  223: 254,140,49,255
  224: 253,136,48,255
  225: 252,132,47,255
  226: 252,127,47,255
  227: 251,123,46,255
  228: 250,119,45,255
  229: 250,114,44,255
  230: 249,110,44,255
  231: 248,106,43,255
  232: 248,101,42,255
  233: 247,97,41,255
  234: 246,93,41,255
  235: 246,88,40,255
  236: 245,84,39,255
  237: 244,80,38,255
  238: 244,78,38,255
  239: 244,76,38,255
  240: 244,73,39,255
  241: 245,70,40,255
  242: 246,67,41,255
  243: 246,65,42,255
  244: 247,62,43,255
  245: 248,59,44,255
  246: 248,57,45,255
  247: 249,54,47,255
  248: 250,51,48,255
  249: 250,49,49,255
  250: 251,46,50,255
  251: 255,0,0,255
  252: 0,255,0,255
  253: 0,0,255,255
  254: 255,255,255,255
  255: 0,0,55,255
